>> hw15
Problem 1
	Root 1:
Bisection Scheme

 It.    a          b          c         fa=f(a)     fc=f(c)   abs(fc-fa) 
  1  -0.020000,  0.000000  0.020000,  -0.020603,   0.019403   4.001e-02
  2  -0.020000, -0.010000  0.000000,  -0.020603,   0.000000   2.060e-02
  3  -0.010000, -0.005000  0.000000,  -0.010150,   0.000000   1.015e-02
  4  -0.005000, -0.002500  0.000000,  -0.005038,   0.000000   5.038e-03
  5  -0.002500, -0.001250  0.000000,  -0.002509,   0.000000   2.509e-03
  6  -0.001250, -0.000625  0.000000,  -0.001252,   0.000000   1.252e-03
  7  -0.000625, -0.000313  0.000000,  -0.000626,   0.000000   6.256e-04
  8  -0.000313, -0.000156  0.000000,  -0.000313,   0.000000   3.126e-04
  9  -0.000156, -0.000078  0.000000,  -0.000156,   0.000000   1.563e-04
 10  -0.000078, -0.000039  0.000000,  -0.000078,   0.000000   7.813e-05
 11  -0.000039, -0.000020  0.000000,  -0.000039,   0.000000   3.906e-05
 12  -0.000020, -0.000010  0.000000,  -0.000020,   0.000000   1.953e-05
 13  -0.000010, -0.000005  0.000000,  -0.000010,   0.000000   9.766e-06
 14  -0.000005, -0.000002  0.000000,  -0.000005,   0.000000   4.883e-06
 15  -0.000002, -0.000001  0.000000,  -0.000002,   0.000000   2.441e-06
 16  -0.000001, -0.000001  0.000000,  -0.000001,   0.000000   1.221e-06
 Tolerance is satisfied. 
Final result: Root =    -0.000001 
	Root 2:
Bisection Scheme

 It.    a          b          c         fa=f(a)     fc=f(c)   abs(fc-fa) 
  1   0.500000,  0.750000  1.000000,   0.155465,  -0.306853   4.623e-01
  2   0.500000,  0.625000  0.750000,   0.155465,  -0.002884   1.583e-01
  3   0.625000,  0.687500  0.750000,   0.094883,  -0.002884   9.777e-02
  4   0.687500,  0.718750  0.750000,   0.050592,  -0.002884   5.348e-02
  5   0.718750,  0.734375  0.750000,   0.024996,  -0.002884   2.788e-02
  6   0.734375,  0.742188  0.750000,   0.011340,  -0.002884   1.422e-02
  7   0.742188,  0.746094  0.750000,   0.004299,  -0.002884   7.183e-03
  8   0.746094,  0.748047  0.750000,   0.000725,  -0.002884   3.609e-03
  9   0.746094,  0.747070  0.748047,   0.000725,  -0.001075   1.800e-03
 10   0.746094,  0.746582  0.747070,   0.000725,  -0.000174   8.990e-04
 11   0.746582,  0.746826  0.747070,   0.000276,  -0.000174   4.498e-04
 12   0.746826,  0.746948  0.747070,   0.000051,  -0.000174   2.250e-04
 13   0.746826,  0.746887  0.746948,   0.000051,  -0.000061   1.125e-04
 14   0.746826,  0.746857  0.746887,   0.000051,  -0.000005   5.623e-05
 15   0.746857,  0.746872  0.746887,   0.000023,  -0.000005   2.812e-05
 16   0.746872,  0.746880  0.746887,   0.000009,  -0.000005   1.406e-05
 17   0.746880,  0.746883  0.746887,   0.000002,  -0.000005   7.029e-06
 18   0.746880,  0.746881  0.746883,   0.000002,  -0.000002   3.515e-06
 19   0.746881,  0.746882  0.746883,   0.000000,  -0.000002   1.757e-06
 Tolerance is satisfied. 
Final result: Root =     0.746882 


Problem 2
	Smallest positive root: 
n=  1, x= 6.05243e-01, y= 2.21188e-02, yd=-4.21874e+00 
n=  2, x= 6.05267e-01, y= 1.01866e-04, yd=-4.26154e+00 
n=  3, x= 6.05267e-01, y= 9.73195e-07, yd=-4.26174e+00 

    Final answer = 6.052671e-01
>> 
